0 0.6502403846153846 0.3112980769230769 0.021634615384615384 0.0985576923076923
0 0.6237980769230769 0.3137019230769231 0.020432692307692308 0.09615384615384616
0 0.46634615384615385 0.32211538461538464 0.019230769230769232 0.09615384615384616
0 0.48197115384615385 0.3233173076923077 0.021634615384615384 0.09975961538461539
0 0.5024038461538461 0.3245192307692308 0.020432692307692308 0.0985576923076923
0 0.5096153846153846 0.39783653846153844 0.019230769230769232 0.04807692307692308
0 0.38341346153846156 0.4495192307692308 0.019230769230769232 0.05048076923076923
0 0.6670673076923077 0.5372596153846154 0.030048076923076924 0.06490384615384616
0 0.33774038461538464 0.5865384615384616 0.026442307692307692 0.056490384615384616
0 0.5072115384615384 0.6706730769230769 0.03125 0.07451923076923077
0 0.6081730769230769 0.6742788461538461 0.036057692307692304 0.07451923076923077